[gd_scene load_steps=8 format=3 uid="uid://cxf6wo4o8ocvr"]

[ext_resource type="MeshLibrary" uid="uid://dantes188fxoc" path="res://assets/meshes/level_mesh.tres" id="1_da2bl"]
[ext_resource type="Script" path="res://scripts/camera_3d.gd" id="5_dr64t"]
[ext_resource type="Script" path="res://scripts/selector.gd" id="6_4mjvd"]
[ext_resource type="PackedScene" uid="uid://dg8gi8i6qm1o4" path="res://scenes/unit.tscn" id="6_ewttj"]
[ext_resource type="Script" path="res://scripts/units.gd" id="6_xuj5e"]
[ext_resource type="Script" path="res://scripts/party.gd" id="7_jloqi"]

[sub_resource type="Environment" id="Environment_bglkh"]
background_mode = 1
background_color = Color(0.0102334, 0.0753113, 0.224918, 1)

[node name="Game" type="Node3D"]

[node name="GridMap" type="GridMap" parent="."]
mesh_library = ExtResource("1_da2bl")
cell_size = Vector3(0.25, 0.25, 0.25)
data = {
"cells": PackedInt32Array(0, 0, 1, 1, 0, 1, 1, 65535, 1, 0, 65534, 0, 1, 65534, 1, 1, 65533, 1, 0, 65533, 1, 65535, 65533, 1, 65535, 65534, 0, 65535, 65535, 0, 65535, 0, 1, 65534, 0, 1, 65534, 65535, 1, 65534, 65534, 1, 65534, 65533, 1, 65536, 65534, 1, 65536, 65535, 1, 131071, 65535, 1, 131071, 65534, 1, 65534, 1, 1, 65535, 1, 1, 0, 1, 1, 1, 1, 1, 2, 0, 1, 2, 1, 1, 2, 65535, 1, 2, 65534, 1, 2, 65533, 1, 2, 65532, 1, 0, 65532, 1, 65535, 65532, 1, 65534, 65532, 1, 65533, 65533, 1, 65533, 65534, 1, 65533, 65535, 1, 65533, 0, 1, 65533, 65532, 1, 0, 2, 1, 1, 2, 1, 2, 2, 1, 3, 1, 1, 3, 65535, 1, 3, 65534, 1, 3, 65533, 1, 2, 65531, 1, 3, 65531, 1, 3, 65532, 1, 65535, 65531, 1, 65534, 65531, 1, 65533, 65531, 1, 65532, 65531, 1, 65532, 65532, 1, 65532, 65533, 1, 65532, 65534, 1, 65532, 0, 1, 65532, 1, 1, 65532, 2, 1, 131070, 65535, 2, 131070, 65534, 2, 3, 2, 1, 3, 0, 1, 1, 65532, 1, 1, 65531, 1, 0, 65531, 1, 0, 65535, 0, 65534, 2, 1, 65532, 65535, 1, 65533, 2, 1, 65535, 2, 1, 65533, 1, 1)
}
metadata/_editor_floor_ = Vector3(0, 0, 0)

[node name="Camera3D" type="Camera3D" parent="."]
transform = Transform3D(0.707107, -0.353553, 0.612372, 0, 0.866025, 0.5, -0.707107, -0.353553, 0.612372, 2.0679, 1.8889, 1.71748)
projection = 1
size = 3.0
script = ExtResource("5_dr64t")

[node name="DirectionalLight3D" type="DirectionalLight3D" parent="."]
transform = Transform3D(1, 0, 0, 0, 0.866025, 0.5, 0, -0.5, 0.866025, 0, 0, 0)
shadow_enabled = true
shadow_blur = 0.389

[node name="WorldEnvironment" type="WorldEnvironment" parent="."]
environment = SubResource("Environment_bglkh")

[node name="Selector" type="Node3D" parent="."]
script = ExtResource("6_4mjvd")

[node name="RayCast3D" type="RayCast3D" parent="Selector"]
transform = Transform3D(0.707107, -0.353553, 0.612373, 0, 0.866026, 0.5, -0.707107, -0.353553, 0.612373, 2.0679, 1.8889, 1.71748)

[node name="Units" type="Node3D" parent="."]
script = ExtResource("6_xuj5e")

[node name="Party" type="Node3D" parent="Units"]
script = ExtResource("7_jloqi")

[node name="Unit" parent="Units/Party" instance=ExtResource("6_ewttj")]
transform = Transform3D(1, 0, 0, 0, 1, 0, 0, 0, 1, 0, 0.581885, 0)
